01  0606  0000  0000  0000  0000
02  0557  0075  0000  0000  0000
03  0475  0124  0007  0000  0000
04  0417  0156  0018  0001  0000
05  0406  0204  0022  0001  0000
06  0336  0237  0048  0001  0000
07  0276  0256  0064  0008  0000
08  0235  0249  0077  0014  0000
09  0223  0257  0098  0016  0001
10  0192  0254  0132  0023  0000
11  0181  0254  0148  0024  0002
12  0153  0272  0149  0043  0005
13  0129  0262  0188  0043  0005
14  0104  0248  0185  0046  0003
15  0078  0234  0182  0069  0006
16  0063  0200  0215  0079  0013
17  0052  0189  0208  0082  0017
18  0052  0172  0231  0125  0022
19  0044  0170  0212  0116  0021
20  0042  0157  0232  0148  0026
21  0028  0124  0235  0157  0052
22  0020  0153  0232  0184  0045
23  0012  0079  0228  0217  0055
24  0015  0095  0234  0212  0072
25  0006  0085  0219  0251  0090
26  0011  0065  0203  0252  0100
27  0005  0047  0189  0242  0105
28  0002  0028  0165  0249  0162
29  0000  0017  0145  0270  0167
30  0001  0020  0136  0285  0201
31  0000  0015  0113  0254  0234
32  0000  0011  0074  0287  0259
33  0000  0011  0049  0246  0288
34  0000  0001  0052  0246  0336
35  0000  0000  0015  0226  0372
36  0000  0000  0011  0150  0440
37  0000  0000  0005  0101  0481
38  0000  0000  0000  0053  0508
39  0000  0000  0000  0000  0633
